Vehicle 0 has tasks [351, 627, 222, 814, 762, 38, 118, 518, 409, 658, 570, 512, 2, 895, 716, 662, 617, 843, 779, 31, 538, 888, 237, 438, 177, 355, 580, 223, 629, 801, 644, 165] with total weight 630.
Vehicle 1 has tasks [960, 199, 289, 519, 735, 120, 810, 240, 507, 290, 712, 587, 58, 447, 279, 792, 321, 33, 444, 671, 296, 430, 661, 720, 413, 7, 522, 455, 420] with total weight 490.
Vehicle 2 has tasks [212, 344, 176, 453, 135, 626, 180, 754, 791, 353, 771, 870, 342, 688, 239, 245, 637, 694, 69, 293, 250, 482, 962, 588, 159, 935, 57, 646] with total weight 500.
Vehicle 3 has tasks [183, 36, 287, 385, 168, 939, 477, 677, 326, 806, 927, 399, 930, 516, 877, 950, 952, 841, 99, 926, 808, 621, 298, 147, 595, 11, 611, 255, 112, 921, 839, 280, 104, 302, 596, 475, 190, 867, 166, 299, 265, 731, 956, 288, 724, 320, 366, 470, 357, 184] with total weight 920.
Vehicle 4 has tasks [615, 77, 604, 474, 257, 756, 201, 710, 300, 5, 101, 312, 890, 523, 558, 975, 961, 230, 531, 63, 984, 46, 23, 181, 481, 313, 533, 986, 934, 664, 85, 647, 6, 486, 527, 115, 990, 340, 421, 511, 365, 27, 4, 66, 543, 585, 47, 608, 787, 429, 21] with total weight 930.
Vehicle 5 has tasks [28, 833, 414, 609, 650, 281, 761, 330, 919, 145, 717, 152, 228, 970, 729, 883, 589, 906, 925, 797, 620, 656, 772, 857, 642, 217, 141, 336, 111, 696, 505, 126, 497, 641, 514, 398, 417, 819, 635] with total weight 690.
Vehicle 6 has tasks [599, 692, 304, 899, 804, 610, 188, 273, 56, 89, 205, 192, 825, 64, 928, 855, 700, 311, 154, 318, 781, 915, 544, 155, 573, 738, 73, 487, 967, 690, 513, 256, 612, 800, 218, 667, 393, 603, 834, 390, 151, 540, 3, 76, 817] with total weight 840.
Vehicle 7 has tasks [451, 972, 61, 744, 391, 370, 206, 969, 574, 55, 542, 982, 853, 432, 203, 517, 405, 59, 584, 812, 793, 959, 713, 567, 404, 13, 687, 270, 847, 215] with total weight 480.
Vehicle 8 has tasks [789, 553, 395, 422, 317, 378, 893, 917, 200, 846, 25, 207, 458, 702, 869, 674, 284, 310, 977, 492, 403, 537, 680, 71, 645, 718, 504, 402, 829, 182, 401, 728, 220, 440, 632, 325, 549, 755, 901, 307, 419, 198, 932, 339, 672] with total weight 790.
Vehicle 9 has tasks [386, 262, 998, 594, 41, 495, 331, 746, 266, 456, 940, 10, 561, 337, 173, 498, 882, 782, 78, 442, 657, 554, 824, 732, 347, 174, 121, 822, 338, 400, 433, 858, 43, 860, 995, 878, 427, 53, 20, 125, 774, 244, 730, 826, 508, 949, 94, 42] with total weight 830.
Vehicle 10 has tasks [35, 195, 628, 360, 601, 953, 274, 708, 148, 316, 842, 896, 778, 50, 92, 382, 602, 373, 16, 124, 425, 363, 743, 891, 606, 248, 740, 449, 305, 539, 821, 592, 597, 72, 885, 156] with total weight 630.
Vehicle 11 has tasks [785, 521, 14, 461, 682, 48, 389, 466, 910, 515, 654, 241, 110, 460, 651, 809, 579, 691, 204, 335, 618, 483, 164, 752] with total weight 490.
Vehicle 12 has tasks [536, 499, 275, 948, 258, 770, 881, 268, 476, 920, 892, 524, 701, 219, 894, 923, 381, 408, 297, 693, 242, 84, 194, 964, 721, 827, 876] with total weight 570.
Vehicle 13 has tasks [638, 1, 880, 887, 974, 356, 158, 282, 757, 566, 51, 529, 909, 327, 889, 171, 324, 859, 441, 670, 818, 235, 723, 214, 666, 387, 367, 416, 127, 328, 323, 957, 963, 726, 987, 884, 306, 167, 613, 292, 162, 547, 189, 123, 979, 131, 285, 736, 407, 951, 75, 871, 439] with total weight 920.
Vehicle 14 has tasks [854, 605, 861, 252, 534, 945, 958, 411, 226, 799, 706, 722, 136, 633, 941, 760, 437, 133, 276, 496, 619, 348, 294, 648, 74, 991, 465, 319, 202, 875, 907, 777, 786, 185, 149, 178, 993] with total weight 620.
Vehicle 15 has tasks [655, 747, 392, 346, 114, 187, 24, 904, 229, 862, 368, 295, 625, 831, 576, 703, 828, 225, 9, 37, 727, 520, 624, 452, 705, 191, 236, 805, 232, 369, 359, 137, 454, 546] with total weight 620.
Vehicle 16 has tasks [108, 852, 67, 905, 468, 555, 572, 60, 29, 559, 709, 501, 179, 334, 345, 851, 208, 371, 742, 434, 322, 733, 93, 107] with total weight 400.
Vehicle 17 has tasks [54, 685, 548, 748, 976, 424, 397, 233, 469, 550, 234, 119, 545, 981, 815, 593, 830, 374, 380, 571, 329, 49, 423, 790, 45, 807, 435, 87, 231, 783, 396] with total weight 590.
Vehicle 18 has tasks [175, 798, 659, 379, 525, 631, 639, 464, 741, 315, 863, 768, 997, 211, 30, 484, 146, 384, 864, 552, 98, 845, 18, 106, 17, 113, 557, 291, 129] with total weight 520.
Vehicle 19 has tasks [394, 999, 117, 759, 479, 333, 485, 283, 70, 528, 253, 989, 668, 510, 103, 711, 350, 352, 341, 614, 271, 372, 532, 766, 715, 745, 472, 160] with total weight 510.
Vehicle 20 has tasks [764, 879, 698, 91, 866, 669, 196, 564, 562, 109, 494, 163, 361, 583, 607, 247, 509, 415, 996, 83, 719, 480, 886, 286] with total weight 420.
Vehicle 21 has tasks [660, 903, 462, 478, 955, 410, 575, 376, 944, 221, 493, 795, 978, 264, 186, 897, 803, 763, 8, 665, 913, 506, 865, 383, 426] with total weight 450.
Vehicle 22 has tasks [581, 813, 591, 210, 446, 634, 898, 840, 679, 122, 90, 406, 95, 246, 586, 689, 272, 773, 929, 139, 931, 640, 832, 769, 569, 500, 916, 97] with total weight 490.
Vehicle 23 has tasks [130, 725, 565, 261, 12, 150, 209, 301, 541, 259, 263, 157, 704, 707, 193, 765, 946, 673, 86, 68, 375, 436, 823, 332, 490, 412, 364, 681, 96, 563, 213, 19, 788, 362, 590, 530, 933, 52, 912, 62, 937, 44, 116, 820, 622] with total weight 760.
Vehicle 24 has tasks [623, 227, 34, 102, 560, 994, 377, 835, 428, 503, 616, 678, 850, 243, 314, 551, 983, 784, 556] with total weight 330.
Vehicle 25 has tasks [238, 448, 140, 908, 844, 714, 849, 980, 354, 267] with total weight 200.
Vehicle 26 has tasks [488, 663, 796, 457, 598, 734, 837, 100, 695, 942, 22, 459, 502, 649, 911, 358, 153, 954, 652, 82, 874, 767] with total weight 400.
Vehicle 27 has tasks [985, 260, 872, 811, 81, 600, 802, 737, 750, 684] with total weight 230.
Vehicle 28 has tasks [914, 848, 80, 568, 443, 467, 686] with total weight 110.
Vehicle 29 has tasks [836, 943, 1000, 349, 936, 675, 966, 643, 40, 489, 79, 128] with total weight 190.
Vehicle 30 has tasks [902, 450, 697, 88, 780, 938, 463, 491, 216, 132, 418, 431, 142] with total weight 220.
Vehicle 31 has tasks [388, 308, 751, 676, 197, 683, 15, 749, 873, 868] with total weight 200.
Vehicle 32 has tasks [577, 161, 249, 922, 170, 65, 445, 630, 138, 900, 816, 471, 992, 699, 794, 535] with total weight 280.
Vehicle 33 has tasks [968, 278, 988, 947, 578, 775, 254, 134, 169, 776, 224, 32, 172, 965] with total weight 250.
Vehicle 34 has tasks [473, 918, 251, 526, 636, 303, 269, 143, 343] with total weight 140.
Vehicle 35 has tasks [856, 758, 739, 973, 971, 753, 26] with total weight 170.
Vehicle 36 has tasks [309, 144] with total weight 30.
Vehicle 37 has tasks [582, 653, 277] with total weight 40.
Vehicle 38 has tasks [924, 838, 39, 105] with total weight 60.
