Vehicle 0 has tasks [167, 165, 939, 993, 187, 717, 885, 843, 484, 898, 23, 176, 276, 567, 502, 378, 857, 652, 823, 535, 49, 835, 205, 690, 146, 241, 139, 903, 668, 684, 592, 904, 612, 545, 777, 950, 807, 320, 610, 927, 769, 556, 21, 658] with total weight 910.
Vehicle 1 has tasks [815, 597, 400, 220, 527, 480, 419, 94, 292, 88, 462, 600, 882, 89, 202, 274, 886, 922, 424, 405, 377, 853, 582, 766, 686, 891, 838, 607, 876, 850, 828, 848, 661, 244, 328, 197, 530, 295, 25, 7, 476, 854, 479, 935, 598, 540, 791, 302, 743, 990, 81, 580, 574, 948, 802, 754, 764, 50, 732, 714, 127, 422, 701, 123, 389] with total weight 1160.
Vehicle 2 has tasks [968, 949, 541, 920, 932, 759, 595, 263, 46, 699, 358, 919, 380, 709, 121, 393, 219, 265, 579, 247, 697, 518, 416, 114, 864, 485, 953, 397, 897, 841, 748, 755, 663, 329, 356, 95, 616, 313, 665, 887, 762, 330, 693, 614, 387, 586, 34, 188, 486, 524, 930, 437, 763] with total weight 810.
Vehicle 3 has tasks [386, 501, 558, 2, 893, 317, 793, 636, 568, 696, 93, 108, 182, 318, 296, 35, 369, 261, 348, 517, 883, 921, 100, 845, 156, 159, 564, 27, 279, 26, 832, 877, 221, 272, 928, 498, 504, 899, 267, 1, 14, 98, 307, 178, 413, 208, 438, 439, 99, 792, 888, 522, 10, 829, 573, 37, 746, 171, 354, 433] with total weight 1000.
Vehicle 4 has tasks [394, 441, 778, 632, 266, 817, 143, 725, 125, 472, 61, 349, 325, 803, 630, 723, 965, 172, 428, 190, 591, 773, 429, 32, 590, 314, 657, 309, 3, 767, 510, 360, 747, 685, 537, 720, 417, 744, 711, 273, 395, 368, 745, 544, 293] with total weight 820.
Vehicle 5 has tasks [997, 774, 804, 830, 820, 179, 666, 731, 589, 283, 703, 315, 813, 287, 962, 331, 687, 548, 550, 547, 672, 805, 878, 602, 206, 880, 383, 103, 342, 430, 525, 959, 141, 42, 631, 624, 958, 170, 425, 381, 833] with total weight 810.
Vehicle 6 has tasks [488, 390, 352, 48, 59, 237, 469, 649, 87, 534, 519, 77, 122, 840, 129, 683, 465, 24, 680, 730, 911, 509, 16, 126, 258, 937, 79, 477, 863, 18, 29, 776, 69, 894, 750, 33, 926, 808, 543, 955, 751, 974, 67, 474, 198, 229, 212, 259, 531, 900] with total weight 970.
Vehicle 7 has tasks [130, 218, 357, 467, 333, 195, 113, 169, 461, 249, 9, 134, 150, 319, 199, 133, 669, 174, 246, 981, 362, 363, 572, 323, 852, 966, 359, 253, 496, 338, 447, 444, 503, 587, 753, 976, 625, 560, 875, 839, 634, 191, 288] with total weight 730.
Vehicle 8 has tasks [931, 262, 203, 450, 895, 230, 779, 578, 575, 185, 83, 271, 834, 901, 376, 345, 570, 571, 613, 337, 933, 980, 210, 60, 310, 724, 280, 494, 940, 120, 739, 735, 242, 622, 324, 951, 944] with total weight 610.
Vehicle 9 has tasks [473, 999, 945, 118, 236, 593, 40, 402, 456, 521, 992, 787, 175, 618, 398, 585, 633, 710, 63, 910, 858, 727, 442, 588, 576, 111, 144, 772, 269, 814, 716, 264, 74, 870, 80, 768, 464, 101, 312, 155, 868, 239, 952, 642] with total weight 890.
Vehicle 10 has tasks [482, 794, 855, 638, 30, 956, 641, 601, 391, 892, 947, 460, 513, 912, 463, 78, 925, 73, 45, 757, 702, 942, 826, 297, 408, 4, 404, 563, 514] with total weight 520.
Vehicle 11 has tasks [231, 207, 490, 97, 431, 235, 645, 825, 801, 251, 15, 228, 884, 758, 68, 689, 818, 142, 500, 639, 715, 31, 478, 104, 523, 489, 713, 621, 752, 215] with total weight 560.
Vehicle 12 has tasks [941, 151, 137, 783, 640, 414, 917, 448, 62, 252, 124, 57, 412, 654, 583, 628, 214, 557, 786, 650, 961, 370, 851, 455, 849, 611, 255, 546, 194, 780, 506, 13, 154, 749] with total weight 590.
Vehicle 13 has tasks [115, 507, 339, 466, 305, 712, 907, 673, 889, 975, 180, 436, 866, 160, 647, 189, 761, 364, 822, 991, 96, 233, 457, 86, 810, 346, 655, 11, 76, 92, 301, 245, 290, 695, 995, 163, 708, 896, 562, 382, 308, 511] with total weight 790.
Vehicle 14 has tasks [963, 254, 353, 294, 70, 204, 659, 722, 526, 53, 741, 71, 58, 873, 675, 566, 798, 508, 960, 107, 816, 20, 411, 775, 379, 617, 837, 451] with total weight 520.
Vehicle 15 has tasks [183, 605, 112, 646, 55, 270, 374, 232, 662, 934, 39, 1000, 434, 361, 56, 983, 721, 300, 483, 982, 806, 384, 243] with total weight 460.
Vehicle 16 has tasks [6, 268, 505, 281, 812, 938, 533, 224, 495, 734, 565, 136, 985, 664, 733, 539, 797, 192, 367, 915, 678, 859, 173, 670, 347, 286, 132, 973, 549, 785, 726] with total weight 570.
Vehicle 17 has tasks [106, 637, 152, 987, 913, 676, 916, 334, 692, 706, 135, 449, 289, 847, 110, 512, 275, 119, 627, 532, 729, 608, 691, 51, 250, 704, 561, 596, 145, 54, 742, 936, 656, 371, 52, 277, 979, 186, 291, 409, 862, 682, 257, 43] with total weight 750.
Vehicle 18 has tasks [577, 528, 905, 161, 140, 458, 626, 740, 988, 594, 842, 406, 209, 698, 407, 17, 492, 789, 796, 392, 738, 969, 584, 620] with total weight 400.
Vehicle 19 has tasks [435, 373, 164, 388, 867, 157, 468, 674, 47, 491, 355, 694, 707, 138, 943, 44, 681, 420, 340, 223, 538, 553, 954] with total weight 370.
Vehicle 20 has tasks [599, 260, 874, 996, 216, 403, 158, 285, 149, 604, 213, 471, 881, 234, 635, 929, 718, 84, 629, 446, 700, 131, 64, 12, 493] with total weight 500.
Vehicle 21 has tasks [660, 603, 827, 606, 865, 90, 923, 303, 555, 569, 284, 181, 222, 653, 344, 365, 201, 445, 821, 771, 688, 401, 102, 728, 82, 421, 200, 998] with total weight 440.
Vehicle 22 has tasks [924, 499, 184, 529, 470, 396, 788, 906, 227, 454, 811, 643, 193, 520, 117, 147, 385, 559, 677, 432] with total weight 340.
Vehicle 23 has tasks [238, 619, 552, 453, 994, 22, 75, 515, 516] with total weight 160.
Vehicle 24 has tasks [299, 770] with total weight 50.
Vehicle 25 has tasks [536, 366, 644, 784, 240, 971, 335, 651, 440, 427, 375, 399] with total weight 250.
Vehicle 26 has tasks [116, 918, 282, 109, 671, 844, 795, 415, 91, 350, 497, 19, 989, 609, 957, 336] with total weight 260.
Vehicle 27 has tasks [322, 105, 869, 168, 782, 736, 819, 66, 351, 756, 65, 946, 177, 162] with total weight 220.
Vehicle 28 has tasks [36, 211, 343, 327, 542, 166, 341, 872, 554, 85, 372, 459, 737, 824, 760, 321, 72, 443, 790, 5] with total weight 360.
Vehicle 29 has tasks [306, 846, 909, 316, 8, 225, 986, 196, 481, 719, 217] with total weight 190.
Vehicle 30 has tasks [623, 326, 551, 972] with total weight 90.
Vehicle 31 has tasks [615, 800, 964, 836, 311, 890, 799, 879, 648, 908, 41, 128] with total weight 180.
Vehicle 32 has tasks [28, 978, 248, 809, 765, 860, 861, 418, 831, 304] with total weight 160.
Vehicle 33 has tasks [856, 871, 977, 967, 475, 452, 705, 781] with total weight 170.
Vehicle 34 has tasks [581, 148, 410, 298, 902, 226, 970, 153] with total weight 160.
Vehicle 35 has tasks [38, 423, 426] with total weight 60.
Vehicle 36 has tasks [984] with total weight 20.
Vehicle 37 has tasks [278, 679, 256] with total weight 40.
Vehicle 38 has tasks [487] with total weight 10.
Vehicle 39 has tasks [667] with total weight 10.
Vehicle 40 has tasks [914, 332] with total weight 30.
