id	slack_time	departure_time	return_time
0	0.0	784.3583837569454	997.7083203206316
1	142.96642211744103	115.49370718443828	1294.46176126541
2	141.41744936597502	409.71225175911843	1025.0064099930255
3	31.489513180607673	46.151044990921605	1530.36237914454
4	0.0	302.9673951560719	1053.8060456769808
5	152.76735298088352	401.91970042876017	1577.099010060078
6	0.0	216.1590241346868	1190.2059320968833
7	52.85358732368206	61.603953935888015	1548.1113109511582
8	552.3429470027924	124.07552551040303	1465.023620948919
9	401.28669008702514	55.76720981041103	1569.0956852428403
10	704.0844911843841	206.14835192865496	1247.3371673134202
11	276.2693510238352	59.76300054084501	1479.9741924741477
12	389.0731118159684	78.47540184226398	1616.7335955867654
13	407.84414675801565	47.605536143393294	955.4908205523493
14	0.0	787.9504233795095	973.6160256401857
15	0.0	671.8935029165843	1286.5903073300376
16	0.0	689.5216057615678	1347.8224211643928
17	233.48707065811016	58.76149292187799	1101.7934795956817
18	305.8490707856435	66.78554669588175	1522.7794391206949
19	0.0	491.3519638469258	1008.2411320143028
20	80.8228421658356	73.2415050100644	1261.766959220874
21	699.776720903142	63.01476054958272	1046.2173431022552
22	0.0	765.0316120670195	1684.8215021161811
23	0.0	676.352248157529	975.7771047467972
24	80.9645765673805	77.2615109289224	1318.1480669488099
25	0.0	134.10545518311943	1631.5979737721907
26	0.0	572.4538582739531	843.4114419718985
27	312.9413593291131	62.968381422400086	1177.1459898996093
28	0.0	592.485033756072	1136.5997535427284
29	0.0	782.7869097044072	1088.47798339583
30	0.0	495.85845140708886	1083.840036577928
31	138.29592228851504	59.397080309255045	1569.0703028466987
32	0.0	496.8433446291175	1517.5725693197717
33	149.54825128350262	213.3571056418433	1186.5617112013158
34	375.68868090119616	65.27439420182463	1582.830205110139
35	271.5632513754738	56.47360978204148	914.6795707926848
36	57.296329638968245	306.38728258217054	924.129245808975
37	109.74248523483652	210.9592006590431	1179.9815430525857
38	710.8414619879085	38.85306817036799	1031.7860660589452
39	226.07880749072444	49.04819976872804	1261.9925741209315
40	299.843327082565	70.5185524529806	1515.3074902771996
41	246.4925319742066	48.98412798381308	851.6506872374434
42	302.5804489045655	60.651516716431004	1615.833290838005
43	56.87945612065539	61.40377544591962	1226.6217876093076
44	0.0	661.0917367969994	1659.177368613508
45	329.9624924707797	54.569082573109796	1226.1481075262236
46	0.0	389.33138116991177	805.0
47	111.2792006184253	39.69750529242293	1374.522620622523
48	479.993175106125	63.05691715358205	1344.639182890465
49	66.38991838012413	122.91008085452722	1223.7353999707211
50	130.6541507476204	48.23053144748278	1482.875910905821
51	585.6733131376941	72.753185545663	1506.1295852054882
52	147.34502961108058	63.00460125946563	1396.390850083824
53	0.0	768.8710214047678	1299.5960466854701
54	36.08023342596553	68.66995309727965	1193.098374141623
55	616.6355870273176	40.56377893397837	1587.786994682547
56	212.05676236106513	61.47386242137537	1673.2554867835518
57	394.69799783081857	52.4847745222302	1209.9036484320536
58	190.37608131811555	124.56267164789523	809.783393541592
59	614.4503648982749	128.46486439562528	1026.207493184327
60	230.3302175796427	70.94681452913684	1038.6562623100729
61	389.1865580874483	53.673391067953446	1704.9660476037575
62	374.9925009794657	73.51876982674594	1209.643419496912
63	0.0	686.2236703639985	1352.6190404711867
64	503.33444544357695	61.67254049578443	1796.5182165397794
65	0.0	410.4103067765656	811.5187642806338
66	0.0	565.5075774975294	1170.049598293669
67	28.489370256679422	118.37637105806272	1415.3032223423315
68	99.90490221087975	64.26447124457977	1356.4674327442362
69	21.336452801951737	216.2806715422792	1334.810849205834
70	0.0	856.934443842663	1048.1285419231679
71	697.1215650912568	61.540191263753	1806.9911659398576
72	511.84257158151	52.228341832286276	1318.6516271043065
73	210.2632019561877	57.10686200745434	1309.8550539506898
74	709.6789849622709	61.99390266571638	1167.164338901763
75	302.770624806431	51.24649537301835	1285.0796641566822
76	0.0	492.29402952927705	1108.0563850013752
77	0.0	306.75882248665545	1047.695085816315
78	437.0451958755504	120.76148791321243	1274.6012279326405
79	147.06671537998	43.06137219669665	1281.8078142214222
80	207.9837940989073	116.92211730982746	1067.3223266154362
81	95.39341662091147	58.4535461886625	1208.606797749979
82	509.73678693145246	48.5833713157174	1048.5603131446503
83	285.99612444338555	61.60788438663562	736.9364919314494
84	313.0097978588041	118.40899524414297	989.9848477891228
85	294.1138305779438	69.98437576286494	1035.6503881474948
86	430.9358002153624	47.479535182678546	1474.4539808012019
87	171.12933849824032	51.007425879068506	973.4031242374328
88	35.8212974230932	61.66703621627093	1222.094453065427
89	141.10597098797126	69.48623479481506	1410.6142749385035
90	228.1320393628863	60.13032346304631	1465.0539837693723
91	255.2020024682331	70.15551299220743	1403.922396487629
92	0.0	117.11724119334929	1367.8164983093707
93	181.47345409878426	124.09025618864507	1576.7896162118263
94	0.0	211.0	1236.0942175995915
95	246.07624469547466	50.646509595668675	1490.2213493252882
96	306.28182643889227	43.678312387631266	1663.745083375034
97	0.0	207.07955984038227	910.4527246881967
98	0.0	574.15365575032	1109.8220007122827
99	671.1589131946486	61.24135238938658	1297.3798795721173
100	396.84693494265815	50.1114038170864	950.2779700718135
101	238.56543873026737	66.33931252681495	1181.8915966717202
102	602.2143035565316	60.763932022500214	1213.5070355544108
103	157.62523675567923	63.7776714310217	1451.60130292814
104	491.4095524183814	62.35382432838054	1388.8755504984074
105	867.6825603834181	125.16215964051383	1494.273766006646
106	0.0	589.4336406980619	1122.048159817963
107	243.5239850923789	76.57559616222156	1674.1466422037847
108	0.0	585.989510874202	598.6787053031005
109	451.1139796896555	121.7404784138107	1088.8828933805846
110	342.20190286333224	57.27769644812753	1182.180328395431
111	0.0	965.9377422517015	1397.3073689138694
112	426.8662312787367	55.9185409514003	1092.4033739189706
113	493.9139761088783	73.37628317806019	1315.3195891266303
114	82.88521588048025	63.50736973767127	1358.0633492925808
115	0.0	301.0	1515.9744666979798
116	0.0	211.71346469781847	1483.484603410396
117	0.0	124.1490802149354	762.4904020253728
118	0.0	671.0880747080321	1714.9545418418809
119	0.0	779.788897449072	1424.4676198546204
120	381.0863772191061	49.64827477203059	1603.3720459187964
121	378.03238919909205	71.27588497602562	1596.7071167625622
122	0.0	209.79798208560527	1169.0761397441702
123	0.0	680.3775135676783	940.7699628819664
124	210.96459923364773	81.70230213476415	1450.5571505642406
125	57.09983558135582	210.96342007354073	1625.51495688255
126	0.0	210.43900567171718	1379.1651765153667
127	0.0	296.1219214526269	1754.1110909457545
128	559.5802617425779	29.950004999000242	1154.0947132352712
129	0.0	123.75882248665545	1273.1600284405104
130	121.91583659748403	74.70386610238023	1395.40128307609
131	252.55976932322483	69.74733056105089	1714.6623168108308
132	22.551113490632133	115.68125525727308	1286.212451363329
133	0.0	683.5222821435042	936.0214274782456
134	74.47775431442687	118.93782056289155	1793.6246964380093
135	0.0	580.3043609114387	1429.8736129739775
136	230.3121273443117	123.32230603869951	1571.7593600234882
137	0.0	305.8539299918888	1134.9676907017065
138	0.0	213.75571099101947	1158.7801932266132
139	508.19242896593414	57.151051020806065	1086.5130249249603
140	227.3512963189699	60.45432586752949	1346.173664916307
141	0.0	295.6990390605189	1107.1783291050008
142	0.0	591.0967270702183	1058.0020661068827
143	417.72631621423545	70.32747081629898	1314.6213642366342
144	301.23411599068163	127.1857289486197	1381.3326195566408
145	0.0	672.1864027027538	868.4953415699773
146	512.1866394145084	59.71259201812785	1369.4661077629003
147	399.1413717001584	62.93653989828975	1505.4531499166415
148	0.0	497.4068560697736	1164.8770181874463
149	502.83085261082255	56.455581787378435	1209.394740094448
150	205.09075819945127	62.917066539075904	1438.7602670002314
151	180.06068985139234	71.2712233150757	1533.879182573623
152	770.8639719056292	60.385571084338835	958.1249761904753
153	277.59182070414886	59.823366915876704	1505.0680062043311
154	0.0	701.8193876752769	1092.0375553746335
155	215.35818208799526	64.04963688202218	1439.4173370982437
156	444.5870742491151	74.43991911029504	1322.7530108639235
157	70.0555621520358	210.34157199675548	1177.8238017426859
158	238.53125415694126	54.4831412027342	1696.3655116909174
159	378.23785822735283	63.087397180259984	638.3886296557835
160	38.06764390265107	127.98809557551266	1036.6608879864543
161	0.0	1146.7823853659381	1241.8659191964641
162	244.82676056563628	57.52675540904764	1574.1903898849803
163	36.409294649086405	111.47943905953365	1762.3347563112372
164	0.0	383.27922086102564	904.1633721975196
165	0.0	306.71989011071946	1480.3571785595248
166	0.0	770.4624799416904	878.2922397853077
167	0.0	393.31738027511904	1824.467284215957
168	0.0	783.913695857572	1441.793290854522
169	197.8223955380214	65.58794881607872	1377.589372872829
170	0.0	401.4563552535362	1127.122812321409
171	0.0	792.8284019454588	925.5199436034372
172	525.3171905833509	120.09315852576208	922.0246200641145
173	426.5670424245979	63.23525863905356	1064.2015325445527
174	538.5940073474035	55.169170254733615	1067.4163143949686
175	638.8478307735625	50.945955813426025	1391.753068076939
176	0.0	484.7625197434329	1393.1112703530782
177	0.0	313.6815017367861	891.5427763079953
178	204.7773386626502	51.58959725449182	1362.6099627944118
179	0.0	388.058724997554	1278.2607924129477
180	36.28130645260683	59.41601016960084	1070.4961406262526
181	152.78670543452972	57.704765564071096	1723.1193138432127
182	72.88406895380024	114.49369781275264	1295.783393541592
183	0.0	301.3048325774537	1043.128945888618
184	316.7667048217591	64.03948394066823	1538.578462853483
185	95.93571625078471	126.04926706217589	1135.4731931759172
186	284.3933108258461	124.90098048640722	1411.4846718077092
187	0.0	123.79835166079222	1425.2130384595125
188	0.0	309.6763832957518	1455.413796011913
189	474.65396683389804	116.68740186185602	1717.1723625709383
190	0.0	300.769012548175	1368.3340395464377
191	8.52203914240556	117.02688560664433	1250.0164603478538
192	39.083219593743706	124.34086504143335	1429.7059295796787
193	335.94911903358997	59.793792527964854	937.3825837963107
194	319.87100129166686	217.82664426173872	1322.6941362158818
195	0.0	511.3795750657743	1233.5767100533772
196	46.52171410600431	485.2425339334958	1812.2925524589311
197	101.18909870025527	36.28780399201686	1095.2884126417816
198	262.04040816368615	208.20923985893887	1536.001992023968
199	102.71426126171286	77.54625238413684	1218.524155992108
200	282.92387029613667	56.86529628300596	934.7536453183662
201	569.3379231754445	119.68453788272183	1261.190303735658
202	169.0559426025103	72.14783708325908	1263.3422890515849
203	0.0	493.92090587304085	782.2960343774105
204	0.0	213.92223566064993	754.0777643393501
